151.3 78.5
172.1 75.1
179.9 46.4
175.3 101.3
174.9 84.2
190.6 84.6
163.6 56.4
196.5 55.7
168.4 67.1
158.6 63.1
152.5 51.2
155.2 55.9
160.5 90.5
173.7 69.8
172.7 109.8
193.4 79.9
185.7 58.8
166.5 106.1
189.6 80.0
154.2 45.3
188.9 109.7
164.2 55.4
174.4 74.0
178.3 86.7
185.4 83.3
152.5 64.8
177.6 86.6
171.4 90.0
151.0 63.2
168.2 103.4
170.5 49.1
192.6 47.9
175.7 64.6
165.6 90.3
172.0 77.3
193.8 101.4
181.0 53.4
158.1 68.6
164.7 74.8
187.9 58.0
183.9 103.8
189.0 76.5
162.9 58.8
178.9 58.2
163.1 53.0
198.2 80.7
185.0 108.2
175.0 66.7
169.9 66.0
191.9 57.2
195.5 83.8
162.7 95.6
153.8 86.7
184.8 75.5
188.8 61.4
174.2 52.2
199.8 56.7
192.8 80.9
161.7 59.8
166.7 109.9
198.1 99.0
178.7 108.2
167.7 100.4
192.7 74.1
195.3 63.7
179.1 72.5
174.0 64.6
169.5 97.5
150.6 46.2
162.5 82.8
159.5 80.7
163.8 108.5
155.9 76.7
175.6 66.0
187.0 100.4
171.4 72.3
168.8 65.2
178.6 70.1
158.1 97.5
191.6 75.5
151.3 98.7
199.0 60.0
192.0 94.0
175.2 56.7
186.8 76.2
162.5 97.2
164.3 60.5
183.3 66.4
170.8 67.2
197.0 81.4
152.4 81.9
198.9 85.3
194.1 86.3
194.9 77.9
171.5 51.2
177.6 45.6
180.9 88.1
180.5 100.4
182.6 102.0
162.8 97.7
198.6 54.4
180.7 54.1
165.4 65.3
186.4 64.1
156.6 81.5
165.9 80.0
162.7 102.1
163.8 70.7
184.0 107.2
186.6 63.4
150.0 49.6
187.9 68.3
161.6 102.3
180.1 71.7
158.1 50.2
155.3 99.2
157.6 60.9
183.6 61.9
163.5 97.1
173.8 46.2
196.0 58.4
159.0 88.6
166.0 101.3
178.2 101.4
174.0 46.1
183.5 103.1
196.2 60.8
181.5 103.5
151.3 47.4
160.8 94.9
171.3 46.4
166.5 100.7
183.5 106.4
170.4 84.1
179.8 94.6
167.3 69.7
155.5 90.1
187.4 46.6
199.0 70.6
156.5 89.6
156.4 92.4
161.3 100.7
173.4 75.6
168.6 58.5
184.7 75.4
162.2 46.8
162.3 105.0
152.5 69.1
199.0 64.0
177.5 52.5
176.0 106.7
182.8 52.9
158.7 52.2
186.7 46.2
188.8 82.1
186.9 56.8
171.7 78.4
153.5 70.1
157.2 60.4
154.2 62.0
186.3 73.7
174.5 104.6
191.2 51.5
177.6 85.0
155.7 85.2
167.1 66.7
166.4 110.0
157.9 46.5
156.7 81.7
177.5 78.3
168.5 105.7
152.3 86.0
162.6 51.3
187.3 53.5
159.3 98.7
176.0 65.9
199.7 86.2
165.8 106.0
168.5 91.6
192.3 50.1
178.8 101.6
178.9 107.4
153.1 100.1
172.1 82.3
154.4 92.2
152.0 103.9
191.0 90.9
183.1 102.4
196.8 56.2
195.8 66.9
191.8 82.3
193.5 96.3
183.6 53.5
198.0 75.0
176.2 61.2
180.7 58.9
175.7 82.3
192.7 53.2
153.3 94.4
197.3 51.0
186.0 47.1
156.4 55.6
189.3 96.3
173.2 55.6
196.6 58.9
187.6 103.4
167.1 96.5
169.6 94.4
184.2 86.6
193.7 100.1
151.3 78.7
168.7 70.3
191.2 46.0
161.2 84.0
186.2 93.7
197.6 65.7
183.7 105.2
189.4 97.3
178.5 82.9
187.6 78.8
179.9 74.4
159.2 46.7
179.1 71.6
157.0 82.8
171.9 64.1
167.1 59.7
170.9 54.9
160.8 101.5
198.5 97.8
152.1 74.5
190.6 60.1
171.1 49.0
171.2 51.8
199.0 96.7
185.8 78.3
174.6 76.5
195.9 106.9
195.8 52.2
183.0 81.2
170.7 104.3
181.1 99.4
183.2 63.0
178.8 55.3
152.5 48.6
160.0 58.2
186.7 56.5
173.8 71.2
170.6 52.0
150.8 60.6
150.5 84.3
177.3 96.4
199.0 81.5
152.2 79.1
195.9 71.0
158.2 57.2
168.8 61.1
171.9 61.5
160.1 92.6
179.0 62.6
183.8 78.0
179.5 98.4
182.5 69.6
164.2 50.5
153.5 76.8
198.9 55.9
188.4 73.1
179.2 63.8
168.1 56.4
156.3 87.9
167.2 45.2
150.6 46.4
176.6 52.0
166.3 59.8
155.3 88.6
196.7 86.3
164.8 107.6
193.5 84.8
165.3 87.3
180.2 55.0
154.1 93.2
195.3 97.8
197.4 105.0
182.2 105.5
180.0 108.9
178.3 57.2
167.2 92.5
174.6 64.1
179.1 52.8
181.9 47.9
193.3 82.4
179.2 97.5
151.9 100.2
158.7 61.4
159.1 46.1
186.3 68.8
160.6 46.6
156.6 62.1
159.9 87.8
170.3 73.3
153.7 85.0
166.9 66.9
168.1 47.2
158.7 68.6
162.1 109.9
165.9 103.7
198.1 74.3
199.5 47.5
170.7 68.6
188.8 84.7
169.0 99.2
189.0 60.6
193.3 64.3
158.1 82.2
156.4 52.4
154.8 72.2
194.0 99.0
190.6 102.4
163.2 108.0
158.9 74.1
185.4 65.2
176.3 45.9
182.4 49.8
152.0 53.6
183.8 96.7
152.9 105.9
188.7 72.8
192.5 79.7
185.3 65.1
193.2 61.7
167.0 73.3
166.8 83.3
150.5 69.8
158.0 82.6
151.4 82.2
163.9 107.9
153.8 99.9
190.2 60.6
169.3 82.6
190.3 87.7
174.6 103.1
164.4 73.2
171.3 84.4
188.5 47.0
183.2 93.5
163.6 81.6
185.9 55.4
189.6 63.9
160.7 45.4
161.0 75.6
188.4 64.2
152.5 69.5
162.2 88.1
187.6 90.5
166.1 89.5
198.6 64.7
198.0 92.3
161.2 91.6
153.2 60.1
168.8 92.8
177.5 108.3
168.9 50.3
159.6 99.7
179.1 75.3
181.2 53.3
181.0 66.6
190.0 94.8
189.0 92.7
154.4 62.6
193.1 102.4
158.5 49.9
171.7 90.3
197.1 105.9
170.4 75.7
197.3 91.3
176.9 61.1
154.8 90.2
171.6 58.3
180.5 51.1
176.3 83.4
164.6 108.4
195.6 96.3
176.9 87.6
196.2 95.3
198.9 46.1
165.2 48.0
188.4 60.8
191.4 59.8
157.9 68.6
168.3 69.7
150.9 97.9
176.3 107.9
183.2 79.1
171.3 95.3
176.6 51.7
194.0 108.7
157.5 102.5
151.3 82.5
167.7 103.2
191.0 45.1
169.2 95.4
170.6 47.1
159.2 94.6
187.9 67.4
157.3 109.0
195.7 90.4
157.6 66.9
200.0 55.4
180.7 69.4
176.1 86.5
183.6 97.6
177.6 87.0
154.2 78.9
194.2 84.4
176.3 72.4
166.3 63.1
150.5 65.0
171.4 65.9
174.0 102.9
155.8 69.0
194.6 97.8
173.0 53.8
176.9 46.8
192.7 57.5
185.5 63.7
160.5 51.5
197.8 70.7
167.4 107.5
183.3 92.5
151.0 54.3
170.2 51.1
158.3 80.0
155.7 75.1
186.9 70.0
183.4 71.9
173.3 95.6
192.4 70.1
184.4 109.3
170.3 68.8
166.7 81.0
195.1 84.2
172.7 73.9
164.5 59.2
154.0 79.3
154.8 81.9
169.6 69.6
159.0 78.9
191.4 76.7
169.7 94.2
162.5 48.0
170.9 71.7
191.5 75.3
168.0 84.7
194.0 50.4
156.3 77.5
198.1 47.9
186.7 65.4
156.4 86.0
189.7 98.8
181.1 89.1
175.5 62.1
197.7 54.2
179.0 88.3
190.2 83.8
164.7 48.7
194.4 52.7
178.0 49.9
155.4 66.3
165.9 70.5
189.2 104.3
197.7 108.1
157.5 88.7
186.2 82.9
167.2 82.0
158.5 104.4
187.8 78.4
154.4 69.7
189.2 66.4
172.6 105.0
196.7 91.7
199.8 68.5
176.6 91.3
191.3 90.4
199.4 104.8
172.9 106.8
194.5 53.1
195.8 57.8
180.4 55.3
194.3 105.3
194.1 83.0
181.6 103.4
173.9 75.0
181.9 75.3
171.6 49.5
196.9 53.0
198.5 75.3
194.0 47.6
155.1 59.7
182.5 49.2
180.0 79.6
158.7 75.9
187.9 72.7
166.0 96.9
197.8 46.8
167.6 100.5
186.9 96.0
182.3 67.0
183.5 50.8
171.7 61.8
176.5 53.2
158.9 56.7
152.1 59.3
161.4 60.2
178.3 79.6
162.5 59.6
165.2 60.5
151.8 106.6
185.7 94.0
154.4 57.4
189.6 88.7
179.7 68.3
190.5 67.2
190.6 70.0
193.4 69.9
189.0 66.9
187.0 49.2
161.8 92.5
195.3 78.7
199.3 105.7
172.7 81.1
189.5 92.8
196.2 86.6
170.6 106.6
170.5 97.4
156.9 67.1
157.1 82.6
152.6 69.3
196.5 62.2
161.2 51.7
155.0 75.5
192.5 95.5
184.3 46.0
187.7 58.6
169.1 77.4
168.8 102.9
186.7 51.1
185.8 51.5
195.1 75.3
181.2 57.4
150.3 79.5
170.8 96.2
175.1 60.1
170.9 97.8
169.8 98.8
166.5 68.8
188.2 80.4
163.3 82.5
192.6 102.9
162.3 98.1
167.2 76.5
187.4 93.2
157.1 59.7
193.4 86.4
191.6 56.1
163.0 48.6
179.8 69.8
174.5 77.4
199.6 90.1
180.9 71.0
187.8 90.1
166.5 94.9
197.2 56.7
198.1 82.0
151.1 85.4
188.7 48.5
180.0 89.6
161.5 54.0
169.0 83.8
194.6 92.7
160.1 49.2
156.1 69.8
176.3 71.7
193.1 83.9
169.0 93.6
165.0 68.0
162.3 48.2
151.5 71.8
187.2 50.0
159.1 79.4
182.5 61.7
187.8 60.7
181.6 102.2
166.9 100.3
186.6 85.1
196.7 54.2
180.7 110.0
155.6 99.6
168.4 108.5
166.2 52.2
160.7 93.4
199.9 105.5
178.9 107.9
159.3 76.3
186.9 66.3
187.6 87.2
187.7 84.0
176.2 100.3
184.1 59.1
177.5 88.7
191.8 64.2
191.0 91.0
159.2 70.3
193.0 63.8
174.8 66.5
169.8 46.2
155.6 49.1
161.9 89.1
152.8 65.8
175.0 63.8
187.5 98.1
171.5 62.7
160.0 56.8
157.4 72.0
159.0 109.6
182.3 78.3
180.4 56.3
174.2 61.7
158.3 99.3
198.0 61.1
179.4 75.6
159.0 105.8
175.3 110.0
177.5 103.3
173.4 59.0
155.8 61.0
162.5 73.4
160.0 77.5
175.5 49.8
160.7 52.2
152.3 66.5
173.5 77.6
165.8 56.7
191.7 98.0
172.4 75.5
176.9 63.9
175.5 80.6
162.0 103.8
186.5 52.4
198.5 62.2
164.6 51.8
152.7 82.3
164.3 89.9
193.6 76.1
187.6 88.4
171.4 63.2
187.0 75.5
166.4 65.3
173.7 93.9
199.7 105.2
183.6 53.9
175.0 86.7
191.5 88.9
173.5 48.4
175.8 63.3
161.3 99.0
151.3 66.2
167.4 78.0
166.6 58.0
157.2 77.7
155.9 108.8
191.3 73.1
199.6 81.4
174.9 82.5
174.4 59.4
153.1 66.9
150.8 45.2
168.2 68.2
151.1 49.3
150.0 82.2
154.3 57.9
198.3 61.3
153.1 55.5
190.0 89.3
150.2 51.1
179.0 51.3
156.9 74.9
174.6 60.4
154.6 100.2
172.3 69.5
177.1 68.4
183.9 91.0
186.7 91.6
157.2 55.6
150.5 57.1
165.3 102.8
161.3 96.1
180.6 45.4
150.4 45.8
186.8 82.2
169.6 47.4
171.9 54.8
174.3 55.1
155.1 45.9
164.8 96.6
157.9 76.0
172.3 103.2
184.8 61.3
167.8 85.1
183.7 56.3
173.6 106.8
163.9 69.8
188.4 52.2
164.1 105.9
165.6 60.4
179.1 82.2
152.1 56.1
166.1 54.8
173.3 82.7
190.4 95.9
177.9 92.2
175.7 92.1
196.3 85.4
176.4 95.0
156.6 109.9
169.4 46.1
183.8 76.7
151.1 84.7
151.4 54.5
152.9 64.0
158.6 53.1
159.8 57.7
195.1 69.2
163.3 86.1
189.2 68.1
176.6 80.2
156.2 64.1
192.6 82.0
188.3 76.6
191.0 47.9
166.2 102.8
163.6 104.9
196.4 56.8
171.1 56.1
177.8 61.9
181.5 54.7
152.5 57.7
171.9 107.6
166.9 73.5
183.1 52.7
172.2 55.2
198.0 94.4
181.7 71.1
177.0 108.2
160.4 69.3
174.4 53.9
188.9 76.2
189.7 79.3
151.0 64.9
195.9 108.0
159.1 94.0
190.4 98.1
168.2 80.3
165.9 86.3
188.8 107.0
179.4 67.1
199.0 93.4
179.9 67.7
165.6 76.8
176.0 109.1
161.3 64.3
162.5 89.6
189.4 73.7
184.2 60.7
169.3 64.4
197.0 49.6
156.8 84.8
172.7 75.3
161.1 105.1
153.0 50.8
156.3 104.2
151.0 85.4
180.5 98.3
193.6 95.3
171.9 107.4
154.5 60.8
172.5 101.1
164.8 83.1
193.1 82.2
154.4 93.4
191.4 76.9
153.3 51.6
184.4 59.9
183.4 71.3
158.7 59.0
189.5 83.2
189.9 52.3
165.2 82.1
173.3 57.2
183.3 100.4
181.8 66.5
162.6 89.8
167.5 87.1
160.5 82.0
151.7 45.2
167.0 109.2
190.3 92.6
197.6 93.0
151.7 69.7
160.7 93.5
150.5 109.9
185.5 103.3
152.1 80.6
189.4 45.6
198.0 77.9
150.8 107.8
157.1 84.8
170.5 63.3
186.3 54.2
169.4 46.6
181.6 76.5
179.4 107.0
157.3 73.6
154.3 63.1
162.1 103.2
169.6 57.8
194.8 61.3
198.7 92.4
184.6 93.4
163.6 104.8
175.8 96.5
199.3 97.5
189.6 86.0
173.9 102.0
195.6 77.1
174.9 54.1
167.2 87.8
151.4 54.4
171.1 84.3
160.0 105.6
152.7 101.5
170.5 61.2
171.1 88.9
162.6 77.8
176.7 71.7
184.3 105.5
196.1 87.0
186.6 66.8
184.1 105.6
167.2 60.9
198.1 97.0
171.9 88.4
156.7 95.3
183.2 85.4
195.7 57.5
151.2 105.0
174.6 94.7
163.8 86.9
191.9 96.5
157.1 67.8
164.7 73.9
155.7 96.0
165.4 53.7
155.3 75.5
197.0 103.8
152.7 76.0
166.2 91.6
169.1 91.7
157.7 101.0
180.9 53.3
170.7 67.8
163.3 91.9
168.6 97.3
154.3 102.9
173.3 56.1
187.2 98.8
190.9 84.7
188.3 104.3
157.0 58.3
161.9 72.8
178.6 61.2
177.8 80.0
175.9 56.6
162.7 70.6
185.8 78.4
188.2 107.2
193.3 45.6
156.7 80.8
198.2 46.1
164.7 66.5
175.2 65.5
167.4 73.4
157.7 52.9
151.1 45.2
194.9 69.9
154.7 99.3
168.0 69.3
161.2 83.8
196.0 79.1
199.3 92.9
169.6 77.6
192.4 84.9
187.5 108.9
166.4 78.8
161.4 96.6
170.2 76.8
181.1 60.8
165.0 105.5
199.6 104.9
180.2 81.1
175.8 107.0
187.3 104.2
199.5 74.8
150.7 62.5
185.0 63.8
176.1 101.8
155.8 88.6
180.8 59.2
171.1 86.4
185.1 104.7
171.8 58.3
190.3 55.1
196.8 75.0
155.7 60.4
179.0 60.0
186.7 77.3
189.8 60.8
190.3 102.9
185.6 73.7
165.1 100.8
188.2 69.4
195.1 95.7
177.0 51.0
187.6 108.0
177.1 64.2
189.7 51.8
192.6 50.1
156.3 59.4
179.7 104.4
178.8 53.7
168.3 52.1
180.7 51.5
195.0 77.2
162.1 84.4
163.0 98.2
162.6 60.0
185.8 52.9
188.3 85.6
180.6 57.5
181.0 69.1
165.3 72.3
174.2 57.1
165.5 73.8
189.4 98.4
173.0 98.6
154.7 90.9
179.2 96.8
184.0 77.6
161.1 101.6
184.5 69.2
185.3 54.2
173.7 96.2
164.4 77.9
188.8 71.1
157.9 60.0
151.9 109.8
173.6 95.4
163.2 70.3
190.8 74.8
198.9 77.3
156.1 74.2
191.3 73.9
155.9 101.4
161.1 74.9
152.6 53.1
193.1 89.1
173.6 64.1
150.2 89.1
154.7 70.7
199.1 97.7
196.1 99.5
176.3 55.4
168.5 88.5
169.3 58.5
166.4 46.0
185.4 70.9
179.4 80.4
175.4 55.1
172.0 62.8
187.1 46.3
192.6 106.3
197.3 79.9
152.9 75.8
185.0 86.4
180.5 70.4
194.4 65.8
193.0 90.0
158.4 71.7
186.3 45.8
187.2 55.4
185.4 65.3
159.7 105.9
